1278657 1000258915 456.78 3/07/2022-18:15:00
1670057 1230258915 6.03 3/07/2029-20:6:9
5878658 5320258915 30006.30 9/01/2098-23:0:59
6973659 1900258915 456.78 12/12/2522-15:30:0
1478660 3001258915 668.9 11/11/1922-1:01:06
7238852 1000269915 99086.58 4/07/1827-05:00:00
1276901 9090909095 0.05 12/9/1900-03:56:31
7271790 1003553515 0.00 3/07/0001-00:9:19
9274194 6004154115 0.00 02/10/0101-12:06:65
8770191 9004154115 0.001 11/10/0111-01:46:00
1171699 1608216685 80.10 7/04/0251-12:96:65
1670057 1230258915 6.03 3/07/2029-20:6:9
